M=[
1 0 0
0.9815 0.0185 0
0.963 0.037 0
0.9815 0.0185 0
0.963 0.037 0
0.9444 0.0556 0
0.963 0.037 0
0.9444 0.0556 0
0.9259 0.0741 0
0.0741 0.9259 0
0.0556 0.9444 0
0.037 0.963 0
0.0556 0.9444 0
0.037 0.963 0
0.0185 0.9815 0
0.037 0.963 0
0.0185 0.9815 0
0 1 0
0 0.1481 0.8519
0 0.1296 0.8704
0 0.1111 0.8889
0 0.1296 0.8704
0 0.1111 0.8889
0 0.0926 0.9074
0 0.1111 0.8889
0 0.0926 0.9074
0 0.0741 0.9259
0.9815 0.0185 0
0.963 0.037 0
0.9444 0.0556 0
0.963 0.037 0
0.9444 0.0556 0
0.9259 0.0741 0
0.9444 0.0556 0
0.9259 0.0741 0
0.9074 0.0926 0
0.0556 0.9444 0
0.037 0.963 0
0.0185 0.9815 0
0.037 0.963 0
0.0185 0.9815 0
0 1 0
0.0185 0.9815 0
0 1 0
0 0.9815 0.0185
0 0.1296 0.8704
0 0.1111 0.8889
0 0.0926 0.9074
0 0.1111 0.8889
0 0.0926 0.9074
0 0.0741 0.9259
0 0.0926 0.9074
0 0.0741 0.9259
0 0.0556 0.9444
0.963 0.037 0
0.9444 0.0556 0
0.9259 0.0741 0
0.9444 0.0556 0
0.9259 0.0741 0
0.9074 0.0926 0
0.9259 0.0741 0
0.9074 0.0926 0
0.8889 0.1111 0
0.037 0.963 0
0.0185 0.9815 0
0 1 0
0.0185 0.9815 0
0 1 0
0 0.9815 0.0185
0 1 0
0 0.9815 0.0185
0 0.963 0.037
0 0.1111 0.8889
0 0.0926 0.9074
0 0.0741 0.9259
0 0.0926 0.9074
0 0.0741 0.9259
0 0.0556 0.9444
0 0.0741 0.9259
0 0.0556 0.9444
0 0.037 0.963
0.9815 0.0185 0
0.963 0.037 0
0.9444 0.0556 0
0.963 0.037 0
0.9444 0.0556 0
0.9259 0.0741 0
0.9444 0.0556 0
0.9259 0.0741 0
0.9074 0.0926 0
0.0556 0.9444 0
0.037 0.963 0
0.0185 0.9815 0
0.037 0.963 0
0.0185 0.9815 0
0 1 0
0.0185 0.9815 0
0 1 0
0 0.9815 0.0185
0 0.1296 0.8704
0 0.1111 0.8889
0 0.0926 0.9074
0 0.1111 0.8889
0 0.0926 0.9074
0 0.0741 0.9259
0 0.0926 0.9074
0 0.0741 0.9259
0 0.0556 0.9444
0.963 0.037 0
0.9444 0.0556 0
0.9259 0.0741 0
0.9444 0.0556 0
0.9259 0.0741 0
0.9074 0.0926 0
0.9259 0.0741 0
0.9074 0.0926 0
0.8889 0.1111 0
0.037 0.963 0
0.0185 0.9815 0
0 1 0
0.0185 0.9815 0
0 1 0
0 0.9815 0.0185
0 1 0
0 0.9815 0.0185
0 0.963 0.037
0 0.1111 0.8889
0 0.0926 0.9074
0 0.0741 0.9259
0 0.0926 0.9074
0 0.0741 0.9259
0 0.0556 0.9444
0 0.0741 0.9259
0 0.0556 0.9444
0 0.037 0.963
0.9444 0.0556 0
0.9259 0.0741 0
0.9074 0.0926 0
0.9259 0.0741 0
0.9074 0.0926 0
0.8889 0.1111 0
0.9074 0.0926 0
0.8889 0.1111 0
0.8704 0.1296 0
0.0185 0.9815 0
0 1 0
0 0.9815 0.0185
0 1 0
0 0.9815 0.0185
0 0.963 0.037
0 0.9815 0.0185
0 0.963 0.037
0 0.9444 0.0556
0 0.0926 0.9074
0 0.0741 0.9259
0 0.0556 0.9444
0 0.0741 0.9259
0 0.0556 0.9444
0 0.037 0.963
0 0.0556 0.9444
0 0.037 0.963
0 0.0185 0.9815
0.963 0.037 0
0.9444 0.0556 0
0.9259 0.0741 0
0.9444 0.0556 0
0.9259 0.0741 0
0.9074 0.0926 0
0.9259 0.0741 0
0.9074 0.0926 0
0.8889 0.1111 0
0.037 0.963 0
0.0185 0.9815 0
0 1 0
0.0185 0.9815 0
0 1 0
0 0.9815 0.0185
0 1 0
0 0.9815 0.0185
0 0.963 0.037
0 0.1111 0.8889
0 0.0926 0.9074
0 0.0741 0.9259
0 0.0926 0.9074
0 0.0741 0.9259
0 0.0556 0.9444
0 0.0741 0.9259
0 0.0556 0.9444
0 0.037 0.963
0.9444 0.0556 0
0.9259 0.0741 0
0.9074 0.0926 0
0.9259 0.0741 0
0.9074 0.0926 0
0.8889 0.1111 0
0.9074 0.0926 0
0.8889 0.1111 0
0.8704 0.1296 0
0.0185 0.9815 0
0 1 0
0 0.9815 0.0185
0 1 0
0 0.9815 0.0185
0 0.963 0.037
0 0.9815 0.0185
0 0.963 0.037
0 0.9444 0.0556
0 0.0926 0.9074
0 0.0741 0.9259
0 0.0556 0.9444
0 0.0741 0.9259
0 0.0556 0.9444
0 0.037 0.963
0 0.0556 0.9444
0 0.037 0.963
0 0.0185 0.9815
0.9259 0.0741 0
0.9074 0.0926 0
0.8889 0.1111 0
0.9074 0.0926 0
0.8889 0.1111 0
0.8704 0.1296 0
0.8889 0.1111 0
0.8704 0.1296 0
0.8519 0.1481 0
0 1 0
0 0.9815 0.0185
0 0.963 0.037
0 0.9815 0.0185
0 0.963 0.037
0 0.9444 0.0556
0 0.963 0.037
0 0.9444 0.0556
0 0.9259 0.0741
0 0.0741 0.9259
0 0.0556 0.9444
0 0.037 0.963
0 0.0556 0.9444
0 0.037 0.963
0 0.0185 0.9815
0 0.037 0.963
0 0.0185 0.9815
0 0 1
];
M=[1 0	0
0.8824 0.117647 0
0.7647 0.235294 0
0.1176 0.882353 0
0 1 0
0 0 0.8824
0 0 0.2353
0 0 0.1176]
z=M';
x=z(:)